12515
-3492
-15792
4328
-15717
-9298
9645
1115
-13844
1097
26081
-14766
8685
12904
-10891
-19946
2882
-11321
-20699
32767
-21769
14567
-9923
-12894
9282
-16053
5557
5772
21236
8840
-4542
26218
-731
18276
-18183
8391
10234
-12141
5458
-23836
-4933
-22048
27060
-16359
-5385
-19912
-11440
-6034
-19442
19057
11114
11885
8105
-10231
-12480
19389
16389
19308
-1958
-12529
-11642
24721
13943
-14085
-12015
-12672
-17114
9362
-8703
-16719
9495
22436
16453
26613
-15314
7883
-15767
-419
4637
28252
-23615
-12448
13063
-15331
27206
-7455
19390
-11127
14882
-20844
-15534
-12408
-12040
19923
15724
-5782
