-10869
-7151
-9739
-16605
11235
7872
22392
10928
-11006
22430
18583
-6467
18501
-3214
31273
-7728
19774
-9094
10388
3557
13942
-17913
-11883
-13253
4827
8269
-11514
-8390
-4368
-15571
-9275
-7006
-10803
22548
-6810
-6815
-11223
5417
-19973
-6347
3057
-21197
-7342
-9558
-9065
-10120
-7657
20258
18079
-9891
7016
13566
-10042
17120
16417
-5594
-10405
-19245
-8811
-9775
-4784
-13473
4072
-8914
19496
24358
-15621
-7423
19715
28427
8122
17457
-9055
10935
12015
16611
-9862
10382
-6284
11416
-8919
12156
298
4921
-18859
9339
836
32767
-13574
1307
-7842
24647
-17892
-9095
19985
-18094
20323
7393
-1414
-7186
-14141
-10388
-10107
-11178
-8834
-1662
-12245
-3757
-13864
-1995
3126
-6914
7463
-18715
14586
5474
1860
16839
-11734
-6773
-7639
15018
-9934
-7827
-16951
-803
-6268
9037
12863
-16377
-8747
-15212
-2424
11557
-10740
18980
-10964
-8445
-11885
21805
17653
-2711
-1664
-6954
24654
-9301
21230
19486
-4280
9108
9157
-7029
7061
5816
6091
-10070
-12108
-14859
-19215
7516
