1825
14795
11078
7277
13009
-6464
10176
1126
17855
4256
-23
3895
17633
6286
-13339
10570
-2209
1663
4639
-107
1812
-18336
-3107
17248
-682
-3153
1798
1284
5129
802
-2243
22548
-13026
6627
-3185
-3251
9108
32767
-383
16006
951
-14064
-2390
11393
12900
1050
-6512
-1800
20794
4507
7287
-8442
1307
7565
4580
17187
15628
-9027
1667
31105
-10018
5978
-3415
3033
512
5853
-10408
397
11076
10789
5879
-10190
-13128
-10440
-5156
-10545
-8008
3984
-11844
18980
-14063
16743
3945
9757
11971
7479
1678
18378
4255
12346
1461
13460
8752
-2007
4893
10181
-14990
6219
-5774
-5498
-3402
2449
15884
-38
-19746
4308
14264
7250
7305
14051
9078
447
6949
791
5531
4694
-21004
28631
863
12350
406
3621
-15919
13076
550
20655
2143
4902
-4992
-1622
-2120
664
9131
8410
8439
8146
6609
21800
-1351
6026
1804
20380
4955
6517
2485
1610
8561
12728
-10586
8234
451
17528
7821
12972
-2152
14873
14096
2206
10471
-5955
