-23563
-4449
-32689
15619
-1591
-5393
-23062
-16328
1500
8465
16861
-15641
-7215
6742
20438
6779
12200
-31349
-31744
-6668
-13149
11164
-13537
-18076
-9120
-7470
-20281
-10969
-11405
11761
-11462
-11043
-15498
1916
-24974
3082
8255
-14902
10764
-12957
6690
18543
-16138
-12931
-1115
-12192
-21008
17670
18245
-19517
-10088
-1498
-4398
12514
-32767
-22232
-23199
15987
-1225
-550
-18284
7687
-7338
-9497
9428
10642
10780
-13092
22984
32636
9732
1854
-15268
-14256
-3651
11108
8299
-16645
-21635
-11947
580
5007
22812
-8283
18949
-12465
-880
-20369
-1072
-10820
-23103
3671
16317
-11265
-2018
21713
27684
1385
-9964
-9636
-30054
8249
-29647
-21722
-8797
2628
12637
14037
-279
-5222
-10775
-9543
-30791
24098
-16988
-18466
-8424
-14606
6617
-16956
14199
10282
-16228
-21709
1585
-6312
-7428
30065
13550
7412
-672
974
19312
-17704
-18946
1413
-12351
-9158
-13975
-272
13248
16419
9213
-26380
12455
10963
-6625
-4434
-18737
-26538
-3187
-13992
7643
116
-6464
12769
-20296
-10890
5429
-10287
