-10394
25314
-20749
-20303
-17533
-10678
-11638
22871
-16809
-7194
-17404
2068
20080
4986
-23727
-4220
2660
16003
8055
-484
12761
7327
25404
-14379
29814
-24540
21324
-1247
-15690
-18325
28236
-22996
-19391
25823
-680
-14160
-17858
7961
5942
17350
-19342
19628
6220
24206
-10272
-16264
-11638
31489
-18264
-11000
-12416
18242
-10012
-7842
12577
22385
-597
20201
-16981
17167
-18575
-23511
-14834
19900
-11597
5706
-9768
-16523
10369
18556
8518
24240
-23683
-10706
25378
19998
14623
18899
6939
-4226
10738
-1053
24127
15883
-16239
-2283
-9981
-10371
-20320
-16619
-19998
3554
-11999
-26686
21398
18527
32060
-21663
-14459
811
32767
-19172
-16148
-17492
14329
-21118
-21594
-17857
-16648
-11385
-7411
-25838
25167
-11827
-14254
22448
14586
25423
-16064
22168
-16112
29111
5702
-20421
-2177
30068
-22750
11472
