-11338
22544
1727
-818
-6643
-4264
-8596
2111
9915
-28994
-1325
16183
7391
-6686
19728
12583
25856
243
-8714
-5305
3753
-20051
10493
-9754
10653
-1768
193
-9605
-23791
25821
15517
21135
10891
24401
8414
7548
13637
-21208
11341
18461
18480
13820
7995
11946
-18206
-11021
-12752
7785
516
14377
10932
3413
969
5967
-15090
10117
5472
833
-6860
-3733
9610
7213
-2261
21963
-20224
-3672
2275
-6931
1246
17372
-546
10372
27260
-6932
14250
15925
-23904
15751
-3648
12738
-8345
17677
-10276
-3486
1192
-2150
-65
4193
19951
-5398
17082
-602
-16193
13839
-9033
-14273
-3652
-16365
-6144
-4437
11923
-13150
-19244
18874
11599
16495
6181
13733
10093
-14139
-1387
19582
23144
-17339
221
4864
-32767
16240
-12308
-6727
1335
27150
-8764
1836
-23896
-2341
7679
11154
