-6024
-2421
-14658
8545
8474
-9360
-21741
-980
7722
-7214
-6812
4871
7640
8705
4086
6672
-4997
6828
5238
5268
7675
-22841
-4966
9267
-15396
18827
-8808
-2459
27886
8972
11208
9611
1718
-5717
4167
-699
8282
-22943
2316
4466
-7
9260
11578
17758
3980
3103
-793
-3801
8634
4107
-23016
-1702
-8996
-3340
-5040
5229
14275
20650
-2589
-13390
-11615
5265
8096
12217
-16572
4356
9888
-16463
14013
12496
12070
5947
-19671
27890
4963
-21018
3863
9591
-16263
27665
14077
-23916
430
16539
14108
15125
-32767
-6197
-12776
13306
-307
-11340
-15158
13205
-21478
-5986
