-11263
27407
-17980
-21658
-18668
-11564
-12082
24002
-18330
-3198
-17827
1956
21304
4163
-25002
-4077
4626
16506
7172
-2209
11255
7091
25832
-15563
29482
-24771
20645
-2485
-15916
-20893
29569
-22127
-19759
21644
-351
-14023
-18906
7264
4616
17700
-19226
20813
5186
23235
-10697
-18902
-13894
32767
-19390
-11661
-15061
17508
-10669
-5539
14335
22067
-352
19875
-15741
16038
-19263
-23102
-15532
19119
-11823
5431
-11317
-14698
11541
19163
8643
24120
-25635
-10867
24692
23178
16068
18092
8054
-3533
12921
-2018
29257
17547
-16430
-3935
-11220
-7462
-20804
-17721
-21860
761
-12805
-25824
21182
19997
32194
-22289
-13995
-546
29410
-20234
-16569
-17828
14629
-20583
-21824
-18858
-15748
-11600
-7284
-24373
26128
-12095
-14437
23139
15626
25916
-14845
22142
-10702
30530
3694
-20282
-1023
30743
-23285
12784
