1453
16391
12692
4916
14283
-6000
10656
2484
21558
5073
332
6616
16550
7205
-10714
11138
4659
882
4979
501
1486
-16900
-1979
15450
-835
-1623
1534
1047
4352
2216
-1990
20119
-16863
5136
-3521
-2596
8434
32767
-1931
13744
207
-9879
-1720
10980
16196
2325
5670
-660
19743
6942
9105
-9163
1366
6134
3836
19046
12746
-2445
798
32130
-7570
4746
-1579
2386
1470
6780
-2777
-131
10674
9774
7404
-11919
-8871
-7839
-6852
-8459
-3348
3957
-8601
20145
-8375
14945
3262
8054
14213
6505
1247
17233
4080
9451
1411
12393
7960
-2857
4407
9175
-14337
9114
-5634
-7106
-3367
1375
15853
216
-16418
3317
15821
8072
8692
15277
9824
8525
7414
1277
6828
8100
-22014
26829
610
10164
737
1481
-12774
14265
1652
19688
3846
7909
-6286
-297
-1214
847
9542
7345
11480
8265
7625
23726
2646
4394
2446
20146
4294
4976
4925
4556
8821
14454
-8470
8941
603
19590
8519
12074
-994
13522
10492
5985
10777
-4561
