15358
-3386
-15248
8879
-15696
-9275
10175
2344
-15094
2688
27385
-14829
9755
13246
-12333
-18551
2553
-13490
-20437
32767
-22389
14801
-13948
-12347
9787
-16854
6529
6398
22243
8607
-4607
26619
-91
20922
-20437
10201
10468
-9950
4063
-23977
-3744
-20630
26879
-15572
-6773
-19931
-13305
-6150
-19631
18509
10547
13522
7640
-11220
-14266
21788
15677
19757
-6122
-12634
-11680
23257
14448
-14237
-13439
-13731
-18589
10486
-7152
-17928
8460
22307
16684
28656
-14903
8467
-17154
-1861
5041
29849
-21939
-12692
14586
-16446
28103
-8810
19015
-11239
14643
-20551
-14272
-12425
-12209
19506
15697
-5450
