-20466
-3229
-32767
13820
1072
-10133
-23834
-16530
-1776
10159
14930
-12724
-3379
5331
18432
8006
8040
-24932
-31601
-1334
-11624
12038
-14507
-17318
-5847
-9836
-16263
-2806
-5783
9928
-9644
-7183
-11951
2355
-23497
1259
3213
-12985
11612
-13936
11446
14992
-13631
-13139
138
-11196
-21752
15916
13151
-15563
-10336
-1440
-1633
10146
-28098
-21058
-19462
14547
-3529
-2546
-11793
8021
-8060
-10236
6668
10080
12008
-15124
17175
28256
7717
902
-14700
-13283
-5798
7215
6662
-14003
-19726
-10925
4054
10598
17927
-5541
16282
-10807
781
-19731
186
-9795
-19669
2818
15648
-11532
176
19151
26938
2626
-4576
-11134
-22751
8068
-26629
-16451
-7264
3203
12964
13225
2134
-3005
-10460
692
-27991
21896
-12608
-19332
-2635
-9480
2162
-12991
13267
4334
-11275
-18997
-1453
-3444
-2267
27351
14740
9214
2669
612
17619
-15909
-13721
5754
-12385
-8784
-6973
-1331
12012
13076
9347
-21677
10251
11039
-4703
-4488
-15834
-22603
-4800
-12458
1325
3431
-4726
7880
-18331
-5094
7491
-10252
