-10217
25445
2623
3811
-4269
-1016
-7450
6926
12162
-30052
-748
20713
9494
-7135
21259
14768
25848
4540
-13390
-3640
2384
-13014
7477
-1495
11769
-831
-1729
-9907
-25721
29768
17998
20949
11787
23999
11048
7307
14445
-22570
9714
20370
20362
15408
2349
11688
-18808
-15224
-12947
10760
5025
14738
16803
1130
5069
6394
-14107
11152
7826
515
-8803
-7858
11591
8857
-3832
24605
-18497
-5778
8479
-6158
4460
20455
4158
9043
26375
-5284
16356
24325
-27357
14965
88
15277
-10691
20245
-9255
-6045
2468
-785
-2143
4654
24206
-6885
23096
1931
-14650
15647
-14228
-16537
-2203
-21797
-8426
-5550
11187
-10629
-26800
24017
10837
17088
7795
15935
10458
-14871
943
16536
26532
-18388
-2819
7885
-32767
22155
-9041
-4526
428
26777
-4707
2419
-27017
-127
12550
10855
