-11579
-7397
-9673
-17151
10740
8886
23778
13871
-11136
23081
18891
-7088
19759
-1285
31433
-8988
20540
-8814
12607
3285
13276
-18422
-9159
-13468
9787
8588
-13587
-9447
-5630
-15363
-10679
-7298
-10284
22038
-7655
-6367
-10524
5665
-21327
-7162
4497
-21441
-8140
-10549
-9515
-10212
-8512
18064
17260
-9945
6707
13069
-10334
17142
17156
-5673
-11418
-21686
-8528
-8535
-5808
-13900
2665
-9117
18258
25924
-17469
-6852
18120
29455
8216
18148
-9301
10754
13644
16402
-10334
10850
-6222
11144
-9841
13719
-1367
5474
-19884
12552
1164
32767
-13219
1401
-8406
23776
-18726
-8635
20944
-19442
20550
8706
-683
-7705
-15185
-11852
-10511
-12045
-8609
-2018
-13386
-2358
-14513
-3065
4386
-7823
9772
-17412
14047
7657
-225
18714
-11163
-7242
-8370
15563
-9841
-8158
-16318
-1042
-6722
9514
14983
-16522
-10310
-16947
-1113
12954
-12447
19283
-11182
-8668
-13425
20878
18444
-4043
-1773
-7813
23720
-9864
21471
19273
-5553
12546
8170
-7234
8116
5683
7195
-9528
-11276
-15206
-20430
10118
