-3692
-3409
-14441
7703
7134
-6305
-22810
-2105
10320
-5855
-8627
5866
8102
8272
3362
6037
-2416
8575
3336
8009
5802
-24207
-3375
7535
-14596
20100
-4021
-3600
29455
9091
9626
10442
3689
-3598
6542
4807
11816
-20648
5292
5523
-2000
6574
12768
14766
5096
3290
-3177
-3775
7850
-2011
-22521
-1732
-8215
-1108
-3245
4657
15981
20391
-3015
-13559
-9174
5681
12169
14232
-18939
7872
10563
-16783
12187
14831
13973
2725
-17627
27007
7456
-22604
4572
10170
-12009
28637
12816
-20965
3203
20359
16832
16418
-32767
-7968
-12378
14821
570
-12609
-11218
9820
-19239
-4884
